-10.000000,0.000000,0
-10.000000,3.000000,0
-10.000000,3.000000,0
-9.880003,2.999515,0
-9.761925,2.998070,0
-9.645735,2.995681,0
-9.531402,2.992363,0
-9.418894,2.988133,0
-9.308180,2.983007,0
-9.199229,2.976999,0
-9.092008,2.970125,0
-8.986486,2.962402,0
-8.882632,2.953845,0
-8.780415,2.944470,0
-8.679803,2.934292,0
-8.580764,2.923328,0
-8.483267,2.911592,0
-8.387280,2.899102,0
-8.292773,2.885872,0
-8.199713,2.871918,0
-8.108070,2.857256,0
-8.017811,2.841901,0
-7.928905,2.825870,0
-7.841321,2.809178,0
-7.755027,2.791841,0
-7.669992,2.773875,0
-7.586184,2.755295,0
-7.503572,2.736117,0
-7.422124,2.716357,0
-7.341809,2.696031,0
-7.262596,2.675154,0
-7.184453,2.653741,0
-7.107348,2.631810,0
-7.031250,2.609375,0
-6.956128,2.586452,0
-6.881949,2.563058,0
-6.808684,2.539206,0
-6.736299,2.514915,0
-6.664765,2.490198,0
-6.594048,2.465073,0
-6.524118,2.439554,0
-6.454943,2.413657,0
-6.386493,2.387399,0
-6.318734,2.360794,0
-6.251636,2.333859,0
-6.185168,2.306609,0
-6.119298,2.279061,0
-6.053994,2.251229,0
-5.989225,2.223129,0
-5.924960,2.194778,0
-5.861166,2.166191,0
-5.797813,2.137384,0
-5.734870,2.108372,0
-5.672304,2.079171,0
-5.610084,2.049797,0
-5.548178,2.020266,0
-5.486556,1.990593,0
-5.425186,1.960794,0
-5.364036,1.930885,0
-5.303075,1.900882,0
-5.242271,1.870800,0
-5.181593,1.840655,0
-5.121010,1.810463,0
-5.060489,1.780239,0
-5.000000,1.750000,0
-4.939511,1.719761,0
-4.878990,1.689537,0
-4.818407,1.659345,0
-4.757729,1.629200,0
-4.696925,1.599118,0
-4.635964,1.569115,0
-4.574814,1.539206,0
-4.513444,1.509407,0
-4.451822,1.479734,0
-4.389916,1.450203,0
-4.327696,1.420829,0
-4.265130,1.391628,0
-4.202187,1.362616,0
-4.138834,1.333809,0
-4.075040,1.305222,0
-4.010775,1.276871,0
-3.946006,1.248771,0
-3.880702,1.220939,0
-3.814832,1.193391,0
-3.748364,1.166141,0
-3.681266,1.139206,0
-3.613507,1.112601,0
-3.545057,1.086343,0
-3.475882,1.060446,0
-3.405952,1.034927,0
-3.335235,1.009802,0
-3.263701,0.985085,0
-3.191316,0.960794,0
-3.118051,0.936942,0
-3.043872,0.913548,0
-2.968750,0.890625,0
-2.892652,0.868190,0
-2.815547,0.846259,0
-2.737404,0.824846,0
-2.658191,0.803969,0
-2.577876,0.783643,0
-2.496428,0.763883,0
-2.413816,0.744705,0
-2.330008,0.726125,0
-2.244973,0.708159,0
-2.158679,0.690822,0
-2.071095,0.674130,0
-1.982189,0.658099,0
-1.891930,0.642744,0
-1.800287,0.628082,0
-1.707227,0.614128,0
-1.612720,0.600898,0
-1.516733,0.588408,0
-1.419236,0.576672,0
-1.320197,0.565708,0
-1.219585,0.555530,0
-1.117368,0.546155,0
-1.013514,0.537598,0
-0.907992,0.529875,0
-0.800771,0.523001,0
-0.691820,0.516993,0
-0.581106,0.511867,0
-0.468598,0.507637,0
-0.354265,0.504319,0
-0.238075,0.501930,0
-0.119997,0.500485,0
0.000000,0.500000,0
0.000000,0.500000,0
0.080000,0.502736,0
0.160000,0.506094,0
0.240000,0.511656,0
0.320000,0.519517,0
0.400000,0.529822,0
0.480000,0.542974,0
0.560000,0.564224,0
0.640000,0.593840,0
0.720000,0.625902,0
0.800000,0.659900,0
0.880000,0.694251,0
0.960000,0.728292,0
1.040000,0.762219,0
1.120000,0.796142,0
1.200000,0.829922,0
1.280000,0.863396,0
1.360000,0.896480,0
1.440000,0.929176,0
1.520000,0.961489,0
1.600000,0.993427,0
1.680000,1.025003,0
1.760000,1.056233,0
1.840000,1.087131,0
1.920000,1.117712,0
2.000000,1.147992,0
2.080000,1.177986,0
2.160000,1.207711,0
2.240000,1.237183,0
2.320000,1.266418,0
2.400000,1.295423,0
2.480000,1.324200,0
2.560000,1.352751,0
2.640000,1.381078,0
2.720000,1.409182,0
2.800000,1.437065,0
2.880000,1.464728,0
2.960000,1.492176,0
3.040000,1.519410,0
3.120000,1.546435,0
3.200000,1.573254,0
3.280000,1.599869,0
3.360000,1.626285,0
3.440000,1.652505,0
3.520000,1.678531,0
3.600000,1.704366,0
3.680000,1.730014,0
3.760000,1.755477,0
3.840000,1.780758,0
3.920000,1.805860,0
4.000000,1.830785,0
4.080000,1.855538,0
4.160000,1.880120,0
4.240000,1.904534,0
4.320000,1.928783,0
4.400000,1.952868,0
4.480000,1.976793,0
4.560000,2.000558,0
4.640000,2.024167,0
4.720000,2.047621,0
4.800000,2.070922,0
4.880000,2.094074,0
4.960000,2.117077,0
5.040000,2.139934,0
5.120000,2.162647,0
5.200000,2.185218,0
5.280000,2.207649,0
5.360000,2.229942,0
5.440000,2.252097,0
5.520000,2.274116,0
5.600000,2.296002,0
5.680000,2.317755,0
5.760000,2.339377,0
5.840000,2.360870,0
5.920000,2.382236,0
6.000000,2.403475,0
6.080000,2.424590,0
6.160000,2.445583,0
6.240000,2.466454,0
6.320000,2.487205,0
6.400000,2.507838,0
6.480000,2.528355,0
6.560000,2.548757,0
6.640000,2.569046,0
6.720000,2.589223,0
6.800000,2.609291,0
6.880000,2.629250,0
6.960000,2.649102,0
7.040000,2.668849,0
7.120000,2.688492,0
7.200000,2.708034,0
7.280000,2.727475,0
7.360000,2.746817,0
7.440000,2.766063,0
7.520000,2.785213,0
7.600000,2.804268,0
7.680000,2.823232,0
7.760000,2.842105,0
7.840000,2.860887,0
7.920000,2.879581,0
8.000000,2.898188,0
8.080000,2.916709,0
8.160000,2.935145,0
8.240000,2.953498,0
8.320000,2.971768,0
8.400000,2.989957,0
8.480000,3.008067,0
8.560000,3.026098,0
8.640000,3.044053,0
8.720000,3.061931,0
8.800000,3.079735,0
8.880000,3.097465,0
8.960000,3.115123,0
9.040000,3.132711,0
9.120000,3.150229,0
9.200000,3.167678,0
9.280000,3.185061,0
9.360000,3.202377,0
9.440000,3.219628,0
9.520000,3.236813,0
9.600000,3.253933,0
9.680000,3.270988,0
9.760000,3.287979,0
9.840000,3.304905,0
9.920000,3.321768,0
10.000000,3.338568,0
10.080000,3.355304,0
10.160000,3.371978,0
10.240000,3.388590,0
10.320000,3.405140,0
10.400000,3.421628,0
10.480000,3.438055,0
10.560000,3.454421,0
10.640000,3.470727,0
10.720000,3.486973,0
10.800000,3.503159,0
10.880000,3.519286,0
10.960000,3.535354,0
11.040000,3.551363,0
11.120000,3.567313,0
11.200000,3.583206,0
11.280000,3.599041,0
11.360000,3.614820,0
11.440000,3.630541,0
11.520000,3.646207,0
11.600000,3.661818,0
11.680000,3.677373,0
11.760000,3.692874,0
11.840000,3.708322,0
11.920000,3.723716,0
12.000000,3.739058,0
12.080000,3.754348,0
12.160000,3.769586,0
12.240000,3.784774,0
12.320000,3.799911,0
12.400000,3.814998,0
12.480000,3.830036,0
12.560000,3.845026,0
12.640000,3.859967,0
12.720000,3.874861,0
12.800000,3.889707,0
12.880000,3.904508,0
12.960000,3.919262,0
13.040000,3.933971,0
13.120000,3.948636,0
13.200000,3.963256,0
13.280000,3.977832,0
13.360000,3.992366,0
13.440000,4.006857,0
13.520000,4.021306,0
13.600000,4.035714,0
13.680000,4.050080,0
13.760000,4.064407,0
13.840000,4.078693,0
13.920000,4.092939,0
14.000000,4.107145,0
14.080000,4.121311,0
14.160000,4.135438,0
14.240000,4.149525,0
14.320000,4.163574,0
14.400000,4.177584,0
14.480000,4.191556,0
14.560000,4.205489,0
14.640000,4.219384,0
14.720000,4.233241,0
14.800000,4.247061,0
14.880000,4.260843,0
14.960000,4.274588,0
15.040000,4.288297,0
15.120000,4.301968,0
15.200000,4.315603,0
15.280000,4.329202,0
15.360000,4.342765,0
15.440000,4.356291,0
15.520000,4.369783,0
15.600000,4.383239,0
15.680000,4.396660,0
15.760000,4.410046,0
15.840000,4.423397,0
15.920000,4.436714,0
16.000000,4.449996,0
16.080000,4.463245,0
16.160000,4.476460,0
16.240000,4.489641,0
16.320000,4.502789,0
16.400000,4.515904,0
16.480000,4.528986,0
16.560000,4.542035,0
16.640000,4.555052,0
16.720000,4.568037,0
16.800000,4.580990,0
16.880000,4.593911,0
16.960000,4.606800,0
17.040000,4.619659,0
17.120000,4.632486,0
17.200000,4.645282,0
17.280000,4.658048,0
17.360000,4.670784,0
17.440000,4.683489,0
17.520000,4.696165,0
17.600000,4.708810,0
17.680000,4.721427,0
17.760000,4.734014,0
17.840000,4.746572,0
17.920000,4.759102,0
18.000000,4.771602,0
18.080000,4.784075,0
18.160000,4.796520,0
18.240000,4.808936,0
18.320000,4.821325,0
18.400000,4.833687,0
18.480000,4.846022,0
18.560000,4.858329,0
18.640000,4.870610,0
18.720000,4.882865,0
18.800000,4.895093,0
18.880000,4.907295,0
18.960000,4.919472,0
19.040000,4.931623,0
19.120000,4.943748,0
19.200000,4.955849,0
19.280000,4.967924,0
19.360000,4.979975,0
19.440000,4.992002,0
19.520000,5.004004,0
19.600000,5.015983,0
19.680000,5.027937,0
19.760000,5.039869,0
19.840000,5.051777,0
19.920000,5.063661,0
20.000000,5.075523,0
20.080000,5.087361,0
20.160000,5.099177,0
20.240000,5.110969,0
20.320000,5.122739,0
20.400000,5.134486,0
20.480000,5.146210,0
20.560000,5.157911,0
20.640000,5.169589,0
20.720000,5.181245,0
20.800000,5.192879,0
20.880000,5.204490,0
20.960000,5.216078,0
21.040000,5.227645,0
21.120000,5.239189,0
21.200000,5.250711,0
21.280000,5.262210,0
21.360000,5.273688,0
21.440000,5.285143,0
21.520000,5.296577,0
21.600000,5.307988,0
21.680000,5.319378,0
21.760000,5.330746,0
21.840000,5.342092,0
21.920000,5.353417,0
22.000000,5.364720,0
22.080000,5.376002,0
22.160000,5.387262,0
22.240000,5.398500,0
22.320000,5.409718,0
22.400000,5.420914,0
22.480000,5.432089,0
22.560000,5.443242,0
22.640000,5.454375,0
22.720000,5.465486,0
22.800000,5.476577,0
22.880000,5.487647,0
22.960000,5.498696,0
23.040000,5.509724,0
23.120000,5.520731,0
23.200000,5.531718,0
23.280000,5.542684,0
23.360000,5.553629,0
23.440000,5.564554,0
23.520000,5.575459,0
23.600000,5.586344,0
23.680000,5.597208,0
23.760000,5.608052,0
23.840000,5.618875,0
23.920000,5.629679,0
24.000000,5.640463,0
24.080000,5.651227,0
24.160000,5.661972,0
24.240000,5.672697,0
24.320000,5.683402,0
24.400000,5.694088,0
24.480000,5.704755,0
24.560000,5.715403,0
24.640000,5.726031,0
24.720000,5.736641,0
24.800000,5.747231,0
24.880000,5.757803,0
24.960000,5.768357,0
25.040000,5.778891,0
25.120000,5.789407,0
25.200000,5.799905,0
25.280000,5.810385,0
25.360000,5.820846,0
25.440000,5.831289,0
25.520000,5.841715,0
25.600000,5.852122,0
25.680000,5.862512,0
25.760000,5.872884,0
25.840000,5.883238,0
25.920000,5.893575,0
26.000000,5.903895,0
26.080000,5.914197,0
26.160000,5.924482,0
26.240000,5.934750,0
26.320000,5.945001,0
26.400000,5.955236,0
26.480000,5.965453,0
26.560000,5.975654,0
26.640000,5.985838,0
26.720000,5.996006,0
26.800000,6.006157,0
26.880000,6.016293,0
26.960000,6.026412,0
27.040000,6.036515,0
27.120000,6.046602,0
27.200000,6.056673,0
27.280000,6.066728,0
27.360000,6.076768,0
27.440000,6.086792,0
27.520000,6.096801,0
27.600000,6.106794,0
27.680000,6.116772,0
27.760000,6.126735,0
27.840000,6.136683,0
27.920000,6.146616,0
28.000000,6.156534,0
28.080000,6.166437,0
28.160000,6.176325,0
28.240000,6.186199,0
28.320000,6.196059,0
28.400000,6.205904,0
28.480000,6.215734,0
28.560000,6.225550,0
28.640000,6.235351,0
28.720000,6.245138,0
28.800000,6.254911,0
28.880000,6.264669,0
28.960000,6.274414,0
29.040000,6.284144,0
29.120000,6.293860,0
29.200000,6.303561,0
29.280000,6.313249,0
29.360000,6.322923,0
29.440000,6.332583,0
29.520000,6.342229,0
29.600000,6.351861,0
29.680000,6.361479,0
29.760000,6.371084,0
29.840000,6.380675,0
29.920000,6.390252,0
30.000000,6.399815,0
30.080000,6.409365,0
30.160000,6.418901,0
30.240000,6.428424,0
30.320000,6.437934,0
30.400000,6.447430,0
30.480000,6.456913,0
30.560000,6.466382,0
30.640000,6.475838,0
30.720000,6.485281,0
30.800000,6.494711,0
30.880000,6.504128,0
30.960000,6.513531,0
31.040000,6.522922,0
31.120000,6.532299,0
31.200000,6.541664,0
31.280000,6.551016,0
31.360000,6.560355,0
31.440000,6.569681,0
31.520000,6.578994,0
31.600000,6.588295,0
31.680000,6.597583,0
31.760000,6.606858,0
31.840000,6.616121,0
31.920000,6.625371,0
32.000000,6.634609,0
32.080000,6.643835,0
32.160000,6.653048,0
32.240000,6.662248,0
32.320000,6.671437,0
32.400000,6.680613,0
32.480000,6.689777,0
32.560000,6.698929,0
32.640000,6.708069,0
32.720000,6.717196,0
32.800000,6.726312,0
32.880000,6.735416,0
32.960000,6.744507,0
33.040000,6.753587,0
33.120000,6.762655,0
33.200000,6.771712,0
33.280000,6.780756,0
33.360000,6.789789,0
33.440000,6.798810,0
33.520000,6.807819,0
33.600000,6.816817,0
33.680000,6.825803,0
33.760000,6.834777,0
33.840000,6.843740,0
33.920000,6.852691,0
34.000000,6.861631,0
34.080000,6.870559,0
34.160000,6.879475,0
34.240000,6.888380,0
34.320000,6.897273,0
34.400000,6.906155,0
34.480000,6.915026,0
34.560000,6.923885,0
34.640000,6.932733,0
34.720000,6.941569,0
34.800000,6.950395,0
34.880000,6.959208,0
34.960000,6.968011,0
35.040000,6.976802,0
35.120000,6.985582,0
35.200000,6.994351,0
35.280000,7.003108,0
35.360000,7.011854,0
35.440000,7.020590,0
35.520000,7.029314,0
35.600000,7.038027,0
35.680000,7.046728,0
35.760000,7.055419,0
35.840000,7.064099,0
35.920000,7.072768,0
36.000000,7.081425,0
36.080000,7.090072,0
36.160000,7.098708,0
36.240000,7.107333,0
36.320000,7.115946,0
36.400000,7.124550,0
36.480000,7.133142,0
36.560000,7.141723,0
36.640000,7.150294,0
36.720000,7.158853,0
36.800000,7.167402,0
36.880000,7.175940,0
36.960000,7.184468,0
37.040000,7.192985,0
37.120000,7.201491,0
37.200000,7.209986,0
37.280000,7.218471,0
37.360000,7.226945,0
37.440000,7.235409,0
37.520000,7.243862,0
37.600000,7.252305,0
37.680000,7.260737,0
37.760000,7.269158,0
37.840000,7.277569,0
37.920000,7.285970,0
38.000000,7.294360,0
38.080000,7.302740,0
38.160000,7.311109,0
38.240000,7.319468,0
38.320000,7.327817,0
38.400000,7.336155,0
38.480000,7.344483,0
38.560000,7.352801,0
38.640000,7.361108,0
38.720000,7.369406,0
38.800000,7.377693,0
38.880000,7.385970,0
38.960000,7.394237,0
39.040000,7.402494,0
39.120000,7.410741,0
39.200000,7.418977,0
39.280000,7.427204,0
39.360000,7.435421,0
39.440000,7.443629,0
39.520000,7.451826,0
39.600000,7.460014,0
39.680000,7.468191,0
39.760000,7.476360,0
39.840000,7.484518,0
39.920000,7.492667,0
40.000000,7.500806,0
40.080000,7.508936,0
40.160000,7.517056,0
40.240000,7.525167,0
40.320000,7.533269,0
40.400000,7.541361,0
40.480000,7.549444,0
40.560000,7.557517,0
40.640000,7.565581,0
40.720000,7.573636,0
40.800000,7.581682,0
40.880000,7.589719,0
40.960000,7.597747,0
41.040000,7.605765,0
41.120000,7.613775,0
41.200000,7.621776,0
41.280000,7.629767,0
41.360000,7.637750,0
41.440000,7.645724,0
41.520000,7.653690,0
41.600000,7.661646,0
41.680000,7.669594,0
41.760000,7.677533,0
41.840000,7.685463,0
41.920000,7.693385,0
42.000000,7.701299,0
42.080000,7.709204,0
42.160000,7.717100,0
42.240000,7.724988,0
42.320000,7.732868,0
42.400000,7.740739,0
42.480000,7.748602,0
42.560000,7.756456,0
42.640000,7.764303,0
42.720000,7.772141,0
42.800000,7.779971,0
42.880000,7.787793,0
42.960000,7.795607,0
43.040000,7.803413,0
43.120000,7.811211,0
43.200000,7.819001,0
43.280000,7.826784,0
43.360000,7.834558,0
43.440000,7.842325,0
43.520000,7.850083,0
43.600000,7.857834,0
43.680000,7.865578,0
43.760000,7.873313,0
43.840000,7.881041,0
43.920000,7.888762,0
44.000000,7.896475,0
44.080000,7.904180,0
44.160000,7.911878,0
44.240000,7.919569,0
44.320000,7.927252,0
44.400000,7.934928,0
44.480000,7.942597,0
44.560000,7.950258,0
44.640000,7.957913,0
44.720000,7.965560,0
44.800000,7.973200,0
44.880000,7.980833,0
44.960000,7.988459,0
45.040000,7.996077,0
45.120000,8.003689,0
45.200000,8.011294,0
45.280000,8.018891,0
45.360000,8.026482,0
45.440000,8.034066,0
45.520000,8.041642,0
45.600000,8.049212,0
45.680000,8.056774,0
45.760000,8.064330,0
45.840000,8.071878,0
45.920000,8.079420,0
46.000000,8.086954,0
46.080000,8.094482,0
46.160000,8.102002,0
46.240000,8.109516,0
46.320000,8.117022,0
46.400000,8.124521,0
46.480000,8.132014,0
46.560000,8.139499,0
46.640000,8.146978,0
46.720000,8.154449,0
46.800000,8.161914,0
46.880000,8.169371,0
46.960000,8.176822,0
47.040000,8.184265,0
47.120000,8.191702,0
47.200000,8.199131,0
47.280000,8.206554,0
47.360000,8.213970,0
47.440000,8.221378,0
47.520000,8.228780,0
47.600000,8.236175,0
47.680000,8.243563,0
47.760000,8.250944,0
47.840000,8.258318,0
47.920000,8.265685,0
48.000000,8.273045,0
48.080000,8.280398,0
48.160000,8.287744,0
48.240000,8.295083,0
48.320000,8.302416,0
48.400000,8.309741,0
48.480000,8.317060,0
48.560000,8.324371,0
48.640000,8.331676,0
48.720000,8.338974,0
48.800000,8.346265,0
48.880000,8.353549,0
48.960000,8.360826,0
49.040000,8.368096,0
49.120000,8.375359,0
49.200000,8.382615,0
49.280000,8.389865,0
49.360000,8.397107,0
49.440000,8.404343,0
49.520000,8.411572,0
49.600000,8.418794,0
49.680000,8.426009,0
49.760000,8.433217,0
49.840000,8.440418,0
49.920000,8.447613,0
50.000000,8.454800,0
50.080000,8.461981,0
50.160000,8.469155,0
50.240000,8.476322,0
50.320000,8.483482,0
50.400000,8.490635,0
50.480000,8.497782,0
50.560000,8.504922,0
50.640000,8.512054,0
50.720000,8.519180,0
50.800000,8.526299,0
50.880000,8.533412,0
50.960000,8.540517,0
51.040000,8.547616,0
51.120000,8.554707,0
51.200000,8.561792,0
51.280000,8.568870,0
51.360000,8.575942,0
51.440000,8.583006,0
51.520000,8.590064,0
51.600000,8.597115,0
51.680000,8.604159,0
51.760000,8.611196,0
51.840000,8.618227,0
51.920000,8.625251,0
52.000000,8.632268,0
52.080000,8.639278,0
52.160000,8.646282,0
52.240000,8.653279,0
52.320000,8.660269,0
52.400000,8.667252,0
52.480000,8.674229,0
52.560000,8.681199,0
52.640000,8.688163,0
52.720000,8.695120,0
52.800000,8.702070,0
52.880000,8.709014,0
52.960000,8.715951,0
53.040000,8.722882,0
53.120000,8.729806,0
53.200000,8.736724,0
53.280000,8.743635,0
53.360000,8.750539,0
53.440000,8.757437,0
53.520000,8.764329,0
53.600000,8.771214,0
53.680000,8.778092,0
53.760000,8.784964,0
53.840000,8.791830,0
53.920000,8.798689,0
54.000000,8.805542,0
54.080000,8.812389,0
54.160000,8.819229,0
54.240000,8.826063,0
54.320000,8.832890,0
54.400000,8.839711,0
54.480000,8.846526,0
54.560000,8.853334,0
54.640000,8.860136,0
54.720000,8.866932,0
54.800000,8.873722,0
54.880000,8.880505,0
54.960000,8.887282,0
55.040000,8.894053,0
55.120000,8.900818,0
55.200000,8.907576,0
55.280000,8.914329,0
55.360000,8.921075,0
55.440000,8.927815,0
55.520000,8.934548,0
55.600000,8.941276,0
55.680000,8.947998,0
55.760000,8.954713,0
55.840000,8.961423,0
55.920000,8.968126,0
56.000000,8.974823,0
56.080000,8.981514,0
56.160000,8.988199,0
56.240000,8.994878,0
56.320000,9.001552,0
56.400000,9.008219,0
56.480000,9.014880,0
56.560000,9.021535,0
56.640000,9.028184,0
56.720000,9.034827,0
56.800000,9.041465,0
56.880000,9.048096,0
56.960000,9.054722,0
57.040000,9.061341,0
57.120000,9.067955,0
57.200000,9.074563,0
57.280000,9.081165,0
57.360000,9.087761,0
57.440000,9.094352,0
57.520000,9.100936,0
57.600000,9.107515,0
57.680000,9.114088,0
57.760000,9.120655,0
57.840000,9.127217,0
57.920000,9.133773,0
58.000000,9.140323,0
58.080000,9.146867,0
58.160000,9.153406,0
58.240000,9.159939,0
58.320000,9.166466,0
58.400000,9.172988,0
58.480000,9.179504,0
58.560000,9.186014,0
58.640000,9.192519,0
58.720000,9.199018,0
58.800000,9.205512,0
58.880000,9.212000,0
58.960000,9.218482,0
59.040000,9.224959,0
59.120000,9.231430,0
59.200000,9.237896,0
59.280000,9.244356,0
59.360000,9.250811,0
59.440000,9.257260,0
59.520000,9.263704,0
59.600000,9.270142,0
59.680000,9.276575,0
59.760000,9.283003,0
59.840000,9.289425,0
59.920000,9.295841,0
60.000000,9.302252,0
60.000000,9.302252,0
60.000000,0.000000,0
60.000000,0.000000,0
-10.000000,0.000000,0
